255 255 255 255 255 255 255 255 255 255 255 255 255 255 255 255
255 255 255 255 255 255 255 255 255 255 255 255 255 255 255 255
255 255   0   0   0   0   0   0   0   0   0   0   0   0 255 255
255 255   0   0   0   0   0   0   0   0   0   0   0   0 255 255
255 255   0   0   0   0   0   0   0   0   0   0   0   0 255 255
255 255   0   0   0  77  81  81  80   0  80   0   0   0 255 255
255 255   0   0   0  81  81  81   0  81  81   0   0   0 255 255
255 255   0   0   0  81  81  81   0   0  81   0   0   0 255 255
255 255   0   0   0  81  81  81  81   1   0   0   0   0 255 255
255 255   0   0   0  64   0  81  12  51   2   0   0   0 255 255
255 255   0   0   0  62  30  81  57  14  81   0   0   0 255 255
255 255   0   0   0   0   0   0   0   0   0   0   0   0 255 255
255 255   0   0   0   0   0   0   0   0   0   0   0   0 255 255
255 255   0   0   0   0   0   0   0   0   0   0   0   0 255 255
255 255 255 255 255 255 255 255 255 255 255 255 255 255 255 255
255 255 255 255 255 255 255 255 255 255 255 255 255 255 255 255
255 255 255 255 255 255 255 255 255 255 255 255 255 255 255 255
255 255 255 255 255 255 255 255 255 255 255 255 255 255 255 255
255 255   0   0   0   0   0   0   0   0   0   0   0   0 255 255
255 255   0   0   0   0   0   0   0   0   0   0   0   0 255 255
255 255   0   0   0   0   0   0   0   0   0   0   0   0 255 255
255 255   0   0   0 198 220 220 217   0 218   0   0   0 255 255
255 255   0   0   0 220 220 220   0 220 220   0   0   0 255 255
255 255   0   0   0 220 220 220   0   0 220   0   0   0 255 255
255 255   0   0   0 220 220 220 220   4   0   0   0   0 255 255
255 255   0   0   0 176   0 220  34 140   6   0   0   0 255 255
255 255   0   0   0 170  81 220 157  39 220   0   0   0 255 255
255 255   0   0   0   0   0   0   0   0   0   0   0   0 255 255
255 255   0   0   0   0   0   0   0   0   0   0   0   0 255 255
255 255   0   0   0   0   0   0   0   0   0   0   0   0 255 255
255 255 255 255 255 255 255 255 255 255 255 255 255 255 255 255
255 255 255 255 255 255 255 255 255 255 255 255 255 255 255 255
255 255 255 255 255 255 255 255 255 255 255 255 255 255 255 255
255 255 255 255 255 255 255 255 255 255 255 255 255 255 255 255
255 255   0   0   0   0   0   0   0   0   0   0   0   0 255 255
255 255   0   0   0   0   0   0   0   0   0   0   0   0 255 255
255 255   0   0   0   0   0   0   0   0   0   0   0   0 255 255
255 255   0   0   0 218 241 241 238   0 238   0   0   0 255 255
255 255   0   0   0 241 241 241   0 241 241   0   0   0 255 255
255 255   0   0   0 241 241 241   0   0 241   0   0   0 255 255
255 255   0   0   0 241 241 241 241   4   0   0   0   0 255 255
255 255   0   0   0 193   0 241  37 153   6   0   0   0 255 255
255 255   0   0   0 187  90 241 172  42 241   0   0   0 255 255
255 255   0   0   0   0   0   0   0   0   0   0   0   0 255 255
255 255   0   0   0   0   0   0   0   0   0   0   0   0 255 255
255 255   0   0   0   0   0   0   0   0   0   0   0   0 255 255
255 255 255 255 255 255 255 255 255 255 255 255 255 255 255 255
255 255 255 255 255 255 255 255 255 255 255 255 255 255 255 255

255 255 255 255 255 255 255 255 255 255 255 255 255 255 255 255
255 214 153 153 153 153 153 153 153 153 153 153 153 153 214 255
255 153   0   0   0   0   0   0   0   0   0   0   0   0 153 255
255 153   0   0   0   0   0   0   0   0   0   0   0   0 153 255
255 153   0   0   4  18  18  18  18  18  18   4   0   0 153 255
255 153   0   0  18  58  72  75  37  38  76  18   0   0 153 255
255 153   0   0  18  17  64  25  29  30  40  18   0   0 153 255
255 153   0   0  18  49   7  18  76  41  43  18   0   0 153 255
255 153   0   0  18  57  47  47  47  56  79  18   0   0 153 255
255 153   0   0  18  54  44  44  43  18  42  18   0   0 153 255
255 153   0   0  15  74  79  81  81  61  56  18   0   0 153 255
255 153   0   0   3  14  17  18  18  18  18   4   0   0 153 255
255 153   0   0   0   0   0   0   0   0   0   0   0   0 153 255
255 153   0   0   0   0   0   0   0   0   0   0   0   0 153 255
255 214 153 153 153 153 153 153 153 153 153 153 153 153 214 255
255 255 255 255 255 255 255 255 255 255 255 255 255 255 255 255
255 255 255 255 255 255 255 255 255 255 255 255 255 255 255 255
255 214 153 153 153 153 153 153 153 153 153 153 153 153 214 255
255 153   0   0   0   0   0   0   0   0   0   0   0   0 153 255
255 153   0   0   0   0   0   0   0   0   0   0   0   0 153 255
255 153   0   0   9  44  44  44  44  44  44   9   0   0 153 255
255 153   0   0  44 160 197 203 101 106 208  44   0   0 153 255
255 153   0   0  44  47 175  70  80  82 110  44   0   0 153 255
255 153   0   0  44 135  21  50 207 112 118  44   0   0 153 255
255 153   0   0  44 155 130 130 130 154 216  44   0   0 153 255
255 153   0   0  44 147 119 119 118  50 117  44   0   0 153 255
255 153   0   0  34 190 215 219 220 169 153  44   0   0 153 255
255 153   0   0   4  27  38  43  44  44  44   9   0   0 153 255
255 153   0   0   0   0   0   0   0   0   0   0   0   0 153 255
255 153   0   0   0   0   0   0   0   0   0   0   0   0 153 255
255 214 153 153 153 153 153 153 153 153 153 153 153 153 214 255
255 255 255 255 255 255 255 255 255 255 255 255 255 255 255 255
255 255 255 255 255 255 255 255 255 255 255 255 255 255 255 255
255 214 153 153 153 153 153 153 153 153 153 153 153 153 214 255
255 153   0   0   0   0   0   0   0   0   0   0   0   0 153 255
255 153   0   0   0   0   0   0   0   0   0   0   0   0 153 255
255 153   0   0   9  48  48  48  48  48  48   9   0   0 153 255
255 153   0   0  48 175 216 223 111 116 228  48   0   0 153 255
255 153   0   0  48  52 192  77  88  90 121  48   0   0 153 255
255 153   0   0  48 148  23  55 226 123 129  48   0   0 153 255
255 153   0   0  48 170 142 142 142 169 237  48   0   0 153 255
255 153   0   0  48 162 131 131 129  55 128  48   0   0 153 255
255 153   0   0  36 209 235 240 241 185 167  48   0   0 153 255
255 153   0   0   4  29  41  47  48  48  48   9   0   0 153 255
255 153   0   0   0   0   0   0   0   0   0   0   0   0 153 255
255 153   0   0   0   0   0   0   0   0   0   0   0   0 153 255
255 214 153 153 153 153 153 153 153 153 153 153 153 153 214 255
255 255 255 255 255 255 255 255 255 255 255 255 255 255 255 255

255 255 255 255 255 255 255 255 255 255 255 255 255 255 255 255
255 214 153 153 153 153 153 153 153 153 153 153 153 153 214 255
255 153   0   0   0   0   0   0   0   0   0   0   0   0 153 255
255 153   0   0   0   0   0   0   0   0   0   0   0   0 153 255
255 153   0   0   4  18  18  18  18  18  18   4   0   0 153 255
255 153   0   0  18  76  40  43  79  42  56  18   0   0 153 255
255 153   0   0  18  38  30  41  56  18  61  18   0   0 153 255
255 153   0   0  18  37  29  76  47  43  81  18   0   0 153 255
255 153   0   0  18  75  25  18  47  44  81  18   0   0 153 255
255 153   0   0  18  72  64   7  47  44  79  17   0   0 153 255
255 153   0   0  18  58  17  49  57  54  74  14   0   0 153 255
255 153   0   0   4  18  18  18  18  18  15   3   0   0 153 255
255 153   0   0   0   0   0   0   0   0   0   0   0   0 153 255
255 153   0   0   0   0   0   0   0   0   0   0   0   0 153 255
255 214 153 153 153 153 153 153 153 153 153 153 153 153 214 255
255 255 255 255 255 255 255 255 255 255 255 255 255 255 255 255
255 255 255 255 255 255 255 255 255 255 255 255 255 255 255 255
255 214 153 153 153 153 153 153 153 153 153 153 153 153 214 255
255 153   0   0   0   0   0   0   0   0   0   0   0   0 153 255
255 153   0   0   0   0   0   0   0   0   0   0   0   0 153 255
255 153   0   0   9  44  44  44  44  44  44   9   0   0 153 255
255 153   0   0  44 208 110 118 216 117 153  44   0   0 153 255
255 153   0   0  44 106  82 112 154  50 169  44   0   0 153 255
255 153   0   0  44 101  80 207 130 118 220  44   0   0 153 255
255 153   0   0  44 203  70  50 130 119 219  43   0   0 153 255
255 153   0   0  44 197 175  21 130 119 215  38   0   0 153 255
255 153   0   0  44 160  47 135 155 147 190  27   0   0 153 255
255 153   0   0   9  44  44  44  44  44  34   4   0   0 153 255
255 153   0   0   0   0   0   0   0   0   0   0   0   0 153 255
255 153   0   0   0   0   0   0   0   0   0   0   0   0 153 255
255 214 153 153 153 153 153 153 153 153 153 153 153 153 214 255
255 255 255 255 255 255 255 255 255 255 255 255 255 255 255 255
255 255 255 255 255 255 255 255 255 255 255 255 255 255 255 255
255 214 153 153 153 153 153 153 153 153 153 153 153 153 214 255
255 153   0   0   0   0   0   0   0   0   0   0   0   0 153 255
255 153   0   0   0   0   0   0   0   0   0   0   0   0 153 255
255 153   0   0   9  48  48  48  48  48  48   9   0   0 153 255
255 153   0   0  48 228 121 129 237 128 167  48   0   0 153 255
255 153   0   0  48 116  90 123 169  55 185  48   0   0 153 255
255 153   0   0  48 111  88 226 142 129 241  48   0   0 153 255
255 153   0   0  48 223  77  55 142 131 240  47   0   0 153 255
255 153   0   0  48 216 192  23 142 131 235  41   0   0 153 255
255 153   0   0  48 175  52 148 170 162 209  29   0   0 153 255
255 153   0   0   9  48  48  48  48  48  36   4   0   0 153 255
255 153   0   0   0   0   0   0   0   0   0   0   0   0 153 255
255 153   0   0   0   0   0   0   0   0   0   0   0   0 153 255
255 214 153 153 153 153 153 153 153 153 153 153 153 153 214 255
255 255 255 255 255 255 255 255 255 255 255 255 255 255 255 255

255 255 255 255 255 255 255 255 255 255 255 255 255 255 255 255
255 214 153 153 153 153 153 153 153 153 153 153 153 153 214 255
255 153   0   0   0   0   0   0   0   0   0   0   0   0 153 255
255 153   0   0   0   0   0   0   0   0   0   0   0   0 153 255
255 153   0   0   4  18  18  18  18  17  14   3   0   0 153 255
255 153   0   0  18  56  61  81  81  79  74  15   0   0 153 255
255 153   0   0  18  42  18  43  44  44  54  18   0   0 153 255
255 153   0   0  18  79  56  47  47  47  57  18   0   0 153 255
255 153   0   0  18  43  41  76  18   7  49  18   0   0 153 255
255 153   0   0  18  40  30  29  25  64  17  18   0   0 153 255
255 153   0   0  18  76  38  37  75  72  58  18   0   0 153 255
255 153   0   0   4  18  18  18  18  18  18   4   0   0 153 255
255 153   0   0   0   0   0   0   0   0   0   0   0   0 153 255
255 153   0   0   0   0   0   0   0   0   0   0   0   0 153 255
255 214 153 153 153 153 153 153 153 153 153 153 153 153 214 255
255 255 255 255 255 255 255 255 255 255 255 255 255 255 255 255
255 255 255 255 255 255 255 255 255 255 255 255 255 255 255 255
255 214 153 153 153 153 153 153 153 153 153 153 153 153 214 255
255 153   0   0   0   0   0   0   0   0   0   0   0   0 153 255
255 153   0   0   0   0   0   0   0   0   0   0   0   0 153 255
255 153   0   0   9  44  44  44  43  38  27   4   0   0 153 255
255 153   0   0  44 153 169 220 219 215 190  34   0   0 153 255
255 153   0   0  44 117  50 118 119 119 147  44   0   0 153 255
255 153   0   0  44 216 154 130 130 130 155  44   0   0 153 255
255 153   0   0  44 118 112 207  50  21 135  44   0   0 153 255
255 153   0   0  44 110  82  80  70 175  47  44   0   0 153 255
255 153   0   0  44 208 106 101 203 197 160  44   0   0 153 255
255 153   0   0   9  44  44  44  44  44  44   9   0   0 153 255
255 153   0   0   0   0   0   0   0   0   0   0   0   0 153 255
255 153   0   0   0   0   0   0   0   0   0   0   0   0 153 255
255 214 153 153 153 153 153 153 153 153 153 153 153 153 214 255
255 255 255 255 255 255 255 255 255 255 255 255 255 255 255 255
255 255 255 255 255 255 255 255 255 255 255 255 255 255 255 255
255 214 153 153 153 153 153 153 153 153 153 153 153 153 214 255
255 153   0   0   0   0   0   0   0   0   0   0   0   0 153 255
255 153   0   0   0   0   0   0   0   0   0   0   0   0 153 255
255 153   0   0   9  48  48  48  47  41  29   4   0   0 153 255
255 153   0   0  48 167 185 241 240 235 209  36   0   0 153 255
255 153   0   0  48 128  55 129 131 131 162  48   0   0 153 255
255 153   0   0  48 237 169 142 142 142 170  48   0   0 153 255
255 153   0   0  48 129 123 226  55  23 148  48   0   0 153 255
255 153   0   0  48 121  90  88  77 192  52  48   0   0 153 255
255 153   0   0  48 228 116 111 223 216 175  48   0   0 153 255
255 153   0   0   9  48  48  48  48  48  48   9   0   0 153 255
255 153   0   0   0   0   0   0   0   0   0   0   0   0 153 255
255 153   0   0   0   0   0   0   0   0   0   0   0   0 153 255
255 214 153 153 153 153 153 153 153 153 153 153 153 153 214 255
255 255 255 255 255 255 255 255 255 255 255 255 255 255 255 255
